100
A
0
100
Bot 130
1
100
Bot 103
1
44
Bot 910
1
1 460
Bot 528
1
70
Bot 542
1
96
Bot 541
1
48
Bot 462
1
67
Bot 650
1
100
Bot 968
1
63
Bot 154
1
96
Bot 357
1
50
Bot 335
1
72
Bot 492
1
40
Bot 42
1
5
Bot 450
1
84
Bot 688
1
100
Bot 309
1
68
Bot 210
1
50
Bot 344
1
12
Bot 344
1
29
Bot 468
1
15
Bot 736
1
7
Bot 287
1
43
Bot 669
1
100
Bot 579
1
8
Bot 440
1
100
Bot 471
1
67
Bot 318
1
19
Bot 536
1
84
Bot 337
1
41
Bot 832
1
100
Bot 252
1
8
Bot 422
1
6
Bot 586
1
7
Bot 995
1
100
Bot 41
1
24
Bot 841
1
88
Bot 823
1
6
Bot 314
1
100
Bot 328
1
32
Bot 253
1
8
Bot 431
1
100
Bot 787
1
91
Bot 969
1
61
Bot 690
1
53
Bot 220
1
42
Bot 747
1
54
Bot 837
1
88
Bot 47
1
2
Bot 636
1
7
Bot 390
1
66
Bot 193
1
26
Bot 244
1
94
Bot 983
1
77
Bot 69
1
100
Bot 962
1
85
Bot 77
1
6
Bot 42
1
82
Bot 209
1
100
Bot 790
1
48
Bot 342
1
8
Bot 60
1
60
Bot 919
1
10
Bot 740
1
12
Bot 91
1
34
Bot 711
1
100
Bot 629
1
1 120
Bot 900
1
100
Bot 190
1
62
Bot 881
1
54
Bot 36
1
88
Bot 913
1
26
Bot 639
1
32
Bot 459
1
100
Bot 782
1
100
Bot 606
1
46
Bot 727
1
100
Bot 994
1
100
Bot 609
1
56
Bot 519
1
23
Bot 429
1
68
Bot 500
1
88
Bot 93
1
100
Bot 514
1
75
Bot 261
1
32
Bot 549
1
18
Bot 643
1
100
Bot 166
1
95
Bot 774
1
100
Bot 563
1
100
Bot 79
1
20
Bot 515
1
55
Bot 659
1
100
Bot 127
1
56
Bot 495
1
47
Bot 882
1
69
Bot 132
1
100
Bot 333
1
64
Bot 12
1
78
